$ 4 0.005 0.07165313105737893 70 5 50 5e-11
f 288 192 288 112 41 1.5 0.02
w 272 112 208 112 0
r 208 112 208 192 0 10000
R -496 112 -608 112 0 0 40 5 0 0 0.5
w 304 112 368 112 0
t 240 288 288 288 0 1 0 0 100 default
w 288 192 288 272 0
r 288 304 288 400 0 200
g 288 400 288 432 0 0
r 240 288 144 288 0 10000
s -464 288 -368 288 0 1 false
R -560 304 -624 304 0 0 40 3.3 0 0 0.5
g 576 224 592 224 0 0
s 464 224 576 224 0 0 false
S -464 288 -560 288 0 0 false 0 2
g -560 272 -608 272 0 0
t 288 -16 288 32 1 -1 0 0 100 default
r -496 112 -368 112 0 200000
w 128 112 208 112 0
w 272 32 128 32 0
w 304 32 336 32 0
r 288 -16 432 -16 0 50000
r 448 608 544 608 0 50000
r 208 816 320 816 0 50000
R 544 608 544 560 0 0 40 5 0 0 0.5
g 544 768 544 800 0 0
w 544 704 544 736 0
w 544 672 544 704 0
f 480 752 544 752 0 1.5 0.02
f 480 656 544 656 1 1.5 0.02
w 480 704 480 752 0
w 480 704 480 656 0
w 400 704 448 704 0
g 400 768 400 800 0 0
c 400 704 400 768 0 0.0003 5 5
r 320 704 400 704 0 1500
g 320 816 320 848 0 0
R 320 608 320 560 0 0 40 5 0 0 0.5
w 256 704 256 752 0
w 256 656 256 704 0
w 320 704 320 736 0
w 320 672 320 704 0
f 256 752 320 752 0 1.5 0.02
f 256 656 320 656 1 1.5 0.02
w 880 704 880 -80 0
d 544 704 672 704 2 default
w -336 112 -368 112 0
r 288 -80 496 -80 0 10000
r 32 704 208 704 0 10000
w 208 704 208 816 0
w 448 704 448 608 0
x -222 -50 102 -47 4 24 VCC_I\s(P5\s2,\smiddle,\sblack)
w 368 112 464 112 0
w 464 32 464 112 0
w 128 32 32 -32 0
w 432 32 464 32 0
w 336 32 432 32 0
w 432 -16 432 32 0
w 288 -80 288 -16 0
w 464 32 528 0 0
w -128 288 32 288 0
w 32 704 32 288 0
w 32 288 144 288 0
x 540 -4 778 -1 4 24 VCC_O\s(P5\s1-3,\sred)
w -368 288 -128 288 0
w 496 -80 880 -80 0
w 672 704 880 704 0
x -353 270 -243 273 4 24 CTR_VCC
w -336 112 128 112 0
w 464 112 464 224 0
w 208 192 288 192 0
w 320 768 320 816 0
w 208 704 256 704 0
w 320 608 320 640 0
w 544 608 544 640 0
w 448 704 480 704 0
x -381 96 -306 99 4 24 PS-ON
x 437 265 810 268 4 24 PSW\s(F_panel\sbutton\simitation)
w 128 32 128 112 0
x 166 326 213 329 4 24 R19
x 231 360 278 363 4 24 R21
x 142 165 189 168 4 24 R16
x 301 261 335 264 4 24 Q2
x 302 304 397 307 4 24 BC847C
x 261 91 307 94 4 24 VT2
x 301 162 433 165 4 24 IRLML2244
x 168 624 300 627 4 24 IRLML2244
x 554 637 833 640 4 24 IRLML2244\s(P-Channel)
x 555 770 884 773 4 24 ?\sIRLML-6246\s(!\sN-Channel)
x 262 157 277 160 4 24 1
x 233 99 248 102 4 24 2
x 326 99 341 102 4 24 3
x 495 736 510 739 4 24 1
x 503 793 518 796 4 24 2
x 556 733 571 736 4 24 3
x 223 13 269 16 4 24 PNP
o 46 1 0 x181016 5 0.1 0 2 1 -30 46 3 0.05 0
