$ 16 0.0000049999999999999996 5.459815003314424 50 5 50 5e-11
r 80 -208 32 -208 0 250
g 32 -208 32 -192 0 0
w 112 -208 144 -208 0
w 144 -208 176 -208 0
w 176 -208 208 -208 0
w 240 -208 208 -208 0
189 16 -80 48 -80 0 8 0
L -64 -80 -288 -80 0 0 false 5 0
155 400 -112 416 -112 0 5
w 304 -208 272 -208 0
w 240 -208 272 -208 0
I -112 128 64 128 0 0.5 5
w -112 0 -64 0 0
w -112 0 -112 64 0
w 496 -112 528 -112 0
w 64 128 400 128 0
I 304 -112 400 -112 0 0.5 5
w 400 128 400 -80 0
w 528 -112 528 192 0
w 528 192 -240 192 0
w -240 192 -240 -48 0
R -32 80 16 80 0 2 1000 2.5 2.5 0 0.5
w -112 64 -112 128 0
429 16 -16 -64 -16 0 0 false 2
w 16 -64 16 -48 0
w -240 -48 -64 -48 0
S -64 -144 -144 -144 0 0 true 0 2
w -64 -144 -64 -32 0
R -144 -160 -192 -160 0 0 40 5 0 0 0.5
g -144 -128 -176 -128 0 0
w 80 -208 112 -208 0
S -112 64 -32 64 0 0 false 0 2
S -32 48 160 48 0 1 true 0 2
R 160 32 208 32 0 0 40 5 0 0 0.5
g 160 64 192 64 0 0
x -169 -172 -16 -169 4 24 Click\sto\sload\sA
x -278 -97 -262 -94 4 24 A
x -45 -86 21 -83 4 24 L\s/\sCE
x -106 108 -60 111 4 24 CLK
x 42 28 174 31 4 24 Manual\sCLK
403 672 -224 800 -160 0 49_64_0_4098_0.0000762939453125_0.1_-1_1
403 672 -112 800 -48 0 50_64_0_4098_0.0000762939453125_0.1_-1_1
403 672 0 800 64 0 52_64_0_4098_0.0000762939453125_0.1_-1_1
403 672 128 800 192 0 51_64_0_4098_0.0000762939453125_0.1_-1_1
403 672 256 800 320 0 54_64_0_4098_0.0000762939453125_0.1_-1_1
403 672 384 800 448 0 53_64_0_4098_0.0000762939453125_0.1_-1_1
403 672 496 800 560 0 56_64_0_4098_0.0000762939453125_0.1_-1_1
403 672 608 800 672 0 55_64_0_4098_0.0000762939453125_0.1_-1_1
403 672 -336 800 -272 0 21_64_0_4098_5_0.1_-1_1
w 80 -160 80 -112 0
w 112 -160 112 -112 0
w 176 -160 176 -112 0
w 144 -160 144 -112 0
w 240 -160 240 -112 0
w 208 -160 208 -112 0
w 304 -160 304 -112 0
w 272 -160 272 -112 0
162 80 -160 80 -208 2 old-default-led 1 0 0 0.01
162 112 -160 112 -208 2 old-default-led 1 0 0 0.01
162 176 -160 176 -208 2 old-default-led 1 0 0 0.01
162 144 -160 144 -208 2 old-default-led 1 0 0 0.01
162 240 -160 240 -208 2 old-default-led 1 0 0 0.01
162 208 -160 208 -208 2 old-default-led 1 0 0 0.01
162 304 -160 304 -208 2 old-default-led 1 0 0 0.01
162 272 -160 272 -208 2 old-default-led 1 0 0 0.01
